1763688449922 0.6649122711693408 0
1763688449922 0.6649122711693408 0
1763688653746 0.6649122711693408 0
1763688449922 0.6649122711693408 0
1763688449922 0.6649122711693408 0
1763688653746 0.6649122711693408 0
1763688916516 0.6649122711693408 0
1763688449922 0.6649122711693408 0
1763688449922 0.6649122711693408 0
1763688653746 0.6649122711693408 0
1763688449922 0.6649122711693408 0
1763688449922 0.6649122711693408 0
1763688653746 0.6649122711693408 0
1763688916516 0.6649122711693408 0
1763688932961 0.6649122711693408 0
1763688449922 0.6649122711693408 0
1763688449922 0.6649122711693408 0
1763688653746 0.6649122711693408 0
1763688449922 0.6649122711693408 0
1763688449922 0.6649122711693408 0
1763688653746 0.6649122711693408 0
1763688916516 0.6649122711693408 0
1763688449922 0.6649122711693408 0
1763688449922 0.6649122711693408 0
1763688653746 0.6649122711693408 0
1763688449922 0.6649122711693408 0
1763688449922 0.6649122711693408 0
1763688653746 0.6649122711693408 0
1763688916516 0.6649122711693408 0
1763688932961 0.6649122711693408 0
