1763688449922 0.020386384678371505 0
1763688449922 0.020386384678371505 0
1763688653745 0.020386384678371505 0
1763688449922 0.020386384678371505 0
1763688449922 0.020386384678371505 0
1763688653745 0.020386384678371505 0
1763688916515 0.020386384678371505 0
1763688449922 0.020386384678371505 0
1763688449922 0.020386384678371505 0
1763688653745 0.020386384678371505 0
1763688449922 0.020386384678371505 0
1763688449922 0.020386384678371505 0
1763688653745 0.020386384678371505 0
1763688916515 0.020386384678371505 0
1763688932961 0.020386384678371505 0
1763688449922 0.020386384678371505 0
1763688449922 0.020386384678371505 0
1763688653745 0.020386384678371505 0
1763688449922 0.020386384678371505 0
1763688449922 0.020386384678371505 0
1763688653745 0.020386384678371505 0
1763688916515 0.020386384678371505 0
1763688449922 0.020386384678371505 0
1763688449922 0.020386384678371505 0
1763688653745 0.020386384678371505 0
1763688449922 0.020386384678371505 0
1763688449922 0.020386384678371505 0
1763688653745 0.020386384678371505 0
1763688916515 0.020386384678371505 0
1763688932961 0.020386384678371505 0
