1763688449921 0.8314967223949968 0
1763688449921 0.8314967223949968 0
1763688653745 0.8314967223949968 0
1763688449921 0.8314967223949968 0
1763688449921 0.8314967223949968 0
1763688653745 0.8314967223949968 0
1763688916515 0.8314967223949968 0
1763688449921 0.8314967223949968 0
1763688449921 0.8314967223949968 0
1763688653745 0.8314967223949968 0
1763688449921 0.8314967223949968 0
1763688449921 0.8314967223949968 0
1763688653745 0.8314967223949968 0
1763688916515 0.8314967223949968 0
1763688932961 0.8314967223949968 0
1763688449921 0.8314967223949968 0
1763688449921 0.8314967223949968 0
1763688653745 0.8314967223949968 0
1763688449921 0.8314967223949968 0
1763688449921 0.8314967223949968 0
1763688653745 0.8314967223949968 0
1763688916515 0.8314967223949968 0
1763688449921 0.8314967223949968 0
1763688449921 0.8314967223949968 0
1763688653745 0.8314967223949968 0
1763688449921 0.8314967223949968 0
1763688449921 0.8314967223949968 0
1763688653745 0.8314967223949968 0
1763688916515 0.8314967223949968 0
1763688932961 0.8314967223949968 0
